   1            "A"    0  492.261902 1810.577759 2166.724854
   2            "E"   20   42.167534  74.524239 106.798752
   3            "O"   20   44.619122 107.308983  85.529099
   4            "R"    0  513.787354 718.573608 229.585342
   5            "S"    0  882.702576 233.473068 355.982483
   6            "Z"   19   79.340942 154.159500  85.945511
   7            "a"   49  654.447632 1622.577637 2486.637451
   8            "b"   47  1427.997803 381.273102 156.211349
   9            "d"   30  147.545441 195.505859 172.610519
  10            "e"   58  326.119385 1629.854370 2562.496338
  11            "f"   29  607.728516 204.780869 164.948746
  12            "g"   59  523.622070 379.183502 396.929535
  13            "i"   29  283.929840 3564.302979 2958.453857
  14            "k"   28  634.764771 107.774513 110.769608
  15            "l"   10  637.103821 250.641327 151.484787
  16            "m"   68  560.236511 386.995178 182.145767
  17            "n"   30  203.247757 174.052567 150.886246
  18            "o"   39  245.231323 1025.457031 2797.083496
  19            "p"   38  270.746155 281.541443 765.247009
  20            "s"  123  1798.938354 700.782349 649.585266
  21            "t"   30  144.428131 282.515381 168.516129
  22            "u"   48  359.424957 162.533203 348.716949
  23            "v"   20  527.695007 152.690475 143.184982
  24            "y"   37  157.572495 118.656723 146.301056
  25        "a-S+a"   19  202.514267 209.453217 192.388596
  26        "u-s+i"   29  272.326263 882.190125 649.947693
  27           "sp" 4071  7270.004883
  28        "k-o+R"   29  225.755890 271.604309 151.070755
  29        "k-o+d"   10  290.698242 656.805664 170.106262
  30        "k-o+k"   39  290.698242 656.805664 622.932373
  31        "k-o+m"   59  225.755890 362.657043 259.676666
  32        "k-o+p"   39  290.698242 656.805664 671.242371
  33        "k-o+t"    9  290.698242 206.520950 529.827148
  34        "a-b+a"   76  349.392090 190.048767 343.773987
  35        "a-b+i"   20  349.392090 381.273102 271.544128
  36        "a-d+e"   29  113.996368 490.977966 609.154236
  37        "k-u+d"   38  250.554214 131.505875 182.209656
  38        "a-f+e"   89  982.583252 364.547852 392.530640
  39        "n-a+g"   20  1124.408325 429.273590 191.221298
  40        "n-a+p"  107  1124.408325 391.441498 1287.703125
  41        "a-g+a"   30  146.644562 379.183502 396.929535
  42        "d-R+a"   60  137.372421 741.058716 812.844177
  43        "n-e+R"  163  535.838196 537.341125 428.420563
  44        "a-k+S"  108  634.764771 247.246170 308.522308
  45        "a-k+a"   38  288.870850 379.564728 429.756195
  46        "a-k+o"   99  525.946350 482.463837 453.644470
  47        "a-l+a"   29  311.391296 308.158447 207.726974
  48        "a-l+e"   66  311.391296 308.158447 343.620605
  49        "a-l+i"   30  311.391296 254.069427 151.484787
  50        "a-m+A"   30  241.142746 438.975037 352.236694
  51        "a-m+a"   59  241.142746 438.975037 403.400696
  52        "a-m+e"    9  241.142746 220.767883 440.442108
  53        "a-m+i"   28  241.142746 226.283051 354.004547
  54        "a-n+a"   30  126.997726 174.052567 150.886246
  55        "a-p+a"   49  287.060333 308.138702 309.961426
  56        "a-p+e"  108  383.974060 882.193970 1076.141235
  57        "a-p+i"   59  300.715576 632.846985 765.247009
  58        "t-A+k"   10  668.182373 801.862915 850.198242
  59        "t-A+s"   10  668.182373 282.940735 250.874786
  60        "t-A+t"   10  668.182373 698.704956 870.610962
  61        "a-s+a"   10  1198.329956 215.404480 146.659058
  62        "a-s+e"   50  1198.329956 970.509155 987.889954
  63        "a-s+i"   45  1198.329956 882.190125 649.947693
  64        "a-s+o"   59  1614.070435 380.219940 319.094849
  65        "a-t+a"   20  260.264526 585.150452 693.358093
  66        "a-t+e"   19  260.264526 279.149872 334.422546
  67        "a-t+o"   29  260.264526 282.515381 152.804932
  68        "a-v+i"   40  142.651917 152.690475 143.184982
  69        "d-e+b"   36  658.803406 606.691284 227.961197
  70        "d-e+f"   68  442.033203 1095.404419 376.574219
  71        "d-e+k"    9  658.803406 569.806519 422.236725
  72        "d-e+l"   20  658.803406 404.914673 168.064514
  73        "d-e+m"   40  658.803406 329.278839 181.103806
  74        "d-e+p"   59  658.803406 606.691284 1047.588257
  75        "d-e+s"   59  442.033203 1095.404419 860.398804
  76        "t-R+A"   38  513.787354  85.631920 246.186981
  77        "t-R+e"   85  259.990387 100.648338 216.650894
  78        "t-R+i"   18  259.990387 138.924957 180.093277
  79        "t-R+o"   20  801.567200  85.631920 862.521545
  80        "d-o+p"   50  298.587891 656.805664 671.242371
  81        "S-A+p"   30  668.182373 801.862915 850.198242
  82        "S-A+s"   10  668.182373 282.940735 250.874786
  83        "S-A+t"   10  668.182373 698.704956 870.610962
  84        "g-a+R"   20  654.447632 823.846985 410.824768
  85        "g-a+b"   10  654.447632 226.746384 250.838715
  86        "g-a+l"   10  654.447632 615.509155 191.221298
  87        "g-a+m"   19  654.447632 352.144714 248.474655
  88        "Z-i+R"   10  283.929840 424.511047 279.270721
  89        "g-e+S"   40  480.936371 1095.404419 464.680939
  90        "t-a+R"   68  304.361481 823.846985 410.824768
  91        "t-a+b"   57  1124.408325 226.746384 250.838715
  92        "t-a+k"   50  1124.408325 429.273590 1072.716919
  93        "t-a+m"    9  1124.408325 352.144714 248.474655
  94        "t-a+s"   68  1124.408325 615.509155 695.399963
  95        "t-e+l"   20  480.936371 404.914673 168.064514
  96        "t-e+s"   25  480.936371 1095.404419 860.398804
  97        "t-e+t"   86  953.696167 569.806519 983.048584
  98        "t-e+v"   10  480.936371 404.914673 138.622879
  99        "m-A+b"   10  400.359344 502.878235 283.900452
 100        "m-A+d"   10  400.359344 502.878235 283.900452
 101        "m-A+g"   10  400.359344 502.878235 283.900452
 102        "m-A+s"    9  400.359344 282.940735 250.874786
 103        "m-A+t"   29  400.359344 698.704956 870.610962
 104          "E-R"   20  253.433731 297.744568 229.585342
 105        "t-i+p"  106  475.603363 433.915955 840.465027
 106        "t-i+s"   29  475.603363 167.719406 287.624237
 107        "g-o+d"   30  422.300720 656.805664 170.106262
 108        "t-o+m"   19  298.587891 362.657043 259.676666
 109          "R+A"   40  513.787354 718.573608 246.186981
 110          "R+S"   10  513.787354 718.573608 141.716278
 111          "R+a"  106  413.122589 741.058716 812.844177
 112          "R+e"  186  825.592346 1165.334473 967.445618
 113          "R+f"   28  513.787354 718.573608 303.782440
 114          "R+i"   29  259.990387 1165.334473 180.093277
 115          "R+m"   10  513.787354 718.573608 126.172356
 116          "R+o"  155  801.567200 853.153564 862.521545
 117          "R+p"   19  513.787354 718.573608 267.358948
 118          "R+u"   57  801.567200 266.960480 293.988922
 119          "R-A"   30  340.443878 1228.453003 2166.724854
 120          "R-S"   20  619.372437 233.473068 355.982483
 121          "R-a"  123  378.274902 880.756104 2486.637451
 122          "R-e"  135  680.315552 586.371399 2562.496338
 123          "R-i"   37  209.986740 266.538940 2958.453857
 124          "R-o"  108  370.778534 676.266357 690.395142
 125          "S+A"   60  882.702576 233.473068 394.357330
 126          "S+a"   36  882.702576 209.453217 192.388596
 127          "S-A"   69  492.261902 1810.577759 2166.724854
 128          "S-a"   57  304.361481 1622.577637 2486.637451
 129          "S-o"   30  245.231323 1031.647705 2797.083496
 130        "S-b+a"   69  166.174179 139.373749 343.773987
 131        "S-d+e"   49  138.276947 490.977966 609.154236
 132        "S-g+a"   29  134.706741 379.183502 396.929535
 133          "a-R"   19  253.433731 127.100647 229.585342
 134          "b+a"  117  1427.997803 313.121216 338.841187
 135          "b+e"   59  1427.997803 381.273102 271.544128
 136          "b-a"  154  379.754822 1625.776733 2711.747314
 137          "b-e"  232  1318.875000 2754.402100 3093.884521
 138          "b-i"   20   99.926132 3564.302979 2958.453857
 139          "b-o"  126  393.891907 1025.457031 2797.083496
 140        "m-a+R"   30  523.214539 823.846985 410.824768
 141        "m-a+l"   20  523.214539 615.509155 191.221298
 142        "m-a+m"   50  523.214539 352.144714 248.474655
 143        "m-a+s"   20  523.214539 615.509155 695.399963
 144        "m-a+t"   10  523.214539 429.273590 1072.716919
 145          "d+e"  291  2195.985107 923.791992 761.697083
 146          "d+o"   30  2195.985107 195.505859 172.610519
 147          "e-R"   50  556.253967 310.423981 941.169800
 148          "f+e"   48  607.728516 364.547852 392.530640
 149          "f-e"  128  675.786682 1629.854370 2562.496338
 150        "S-p+a"   40  255.213654 308.138702 309.961426
 151        "m-e+R"   10  326.963959 537.341125 428.420563
 152        "m-e+f"   30  326.963959 1095.404419 376.574219
 153        "m-e+m"   10  326.963959 329.278839 181.103806
 154        "m-e+s"    9  326.963959 1095.404419 860.398804
 155        "m-e+t"   28  326.963959 569.806519 983.048584
 156          "g+e"   20  523.622070 156.664703 396.929535
 157          "g-a"   59  654.447632 1069.552612 1145.981323
 158          "i-R"   10  556.253967 297.744568 941.169800
 159        "S-s+e"   56  1614.070435 970.509155 987.889954
 160        "S-s+i"   30  1614.070435 882.190125 649.947693
 161        "m-i+R"   20  393.130280 280.248688 279.270721
 162        "m-i+k"   30  393.130280 254.861313 752.297546
 163        "m-i+m"   30  393.130280 280.248688 197.312576
 164        "m-i+t"   20  393.130280 254.861313 503.239349
 165          "k+R"   18  178.018860 107.774513 110.769608
 166          "k+a"   79  276.991455 379.564728 429.756195
 167          "k+o"  136  577.581726 482.463837 453.644470
 168          "k+y"   19  288.870850 107.774513 110.769608
 169          "k-S"   38  194.300156 368.105804 355.982483
 170          "k-a"  138  423.159241 1069.552612 1145.981323
 171          "k-o"  157  419.665497 1031.647705 2797.083496
 172          "l+a"   48  637.103821 229.933823 207.726974
 173          "l+e"   77  637.103821 401.111328 343.620605
 174          "l+i"   28  637.103821 254.069427 151.484787
 175          "l+o"   40  637.103821 250.641327 194.855804
 176          "l-A"    9  492.261902 1810.577759 2166.724854
 177          "l-i"   30  283.929840 260.743622 2958.453857
 178          "l-o"   20  245.231323 622.692749 2797.083496
 179          "m+a"  130  560.236511 576.385864 384.737885
 180          "m+e"   87  512.334900 406.688751 440.442108
 181          "m+i"  100  512.334900 437.774200 354.004547
 182          "m+o"   10  560.236511 386.995178 440.442108
 183          "m-A"  145  471.083771 1228.453003 2166.724854
 184          "m-a"  149  366.007080 1020.914001 2486.637451
 185          "m-e"   97  515.966614 494.374664 472.240784
 186          "m-i"   57  393.130280 470.526550 331.535400
 187        "s-A+b"   29  668.182373 502.878235 283.900452
 188        "s-A+s"   10  668.182373 282.940735 250.874786
 189        "s-A+t"   74  668.182373 698.704956 870.610962
 190          "p+a"   69  143.629608 308.138702 309.961426
 191          "p+e"  181  406.798279 882.193970 1076.141235
 192          "p+i"  165  461.711029 632.846985 765.247009
 193          "p+o"   49  123.804184 281.541443 254.570770
 194          "p-a"   99  218.766571 1625.776733 2711.747314
 195          "p-e"  275  1329.205811 2754.402100 3093.884521
 196          "p-i"  326  568.695862 3564.302979 2958.453857
 197        "m-o+k"   49  193.020615 656.805664 622.932373
 198          "s+E"   10  1798.938354 215.404480 146.133118
 199          "s+a"   29  1798.938354 215.404480 146.659058
 200          "s+e"  183  1703.634155 970.509155 987.889954
 201          "s+i"  167  1788.016724 882.190125 649.947693
 202          "s+o"   48  1798.938354 380.219940 319.094849
 203          "s+u"   29  256.556641 119.019585 146.133118
 204          "s-A"  116  365.775757 1810.577759 2166.724854
 205          "s-e"  165  1216.261719 1629.854370 2562.496338
 206          "s-i"  151  293.162384 3564.302979 2958.453857
 207          "s-o"   86  360.579895 622.692749 2797.083496
 208          "t+R"   76  564.359192 209.340439 134.215271
 209          "t+a"  206  530.008911 585.150452 693.358093
 210          "t+e"   89  266.585754 279.149872 334.422546
 211          "t+i"   48  188.555496 201.527817 218.748428
 212          "t+o"   29  144.428131 282.515381 152.804932
 213          "t-A"   48  492.261902 1810.577759 2166.724854
 214          "t-a"  134  332.494019 1622.577637 2711.747314
 215          "t-e"   87  1216.261719 2754.402100 3093.884521
 216          "t-o"   47  298.587891 304.399902 2797.083496
 217          "sil" 8142  23827.451172 7270.004883 11847.119141
 218          "v+e"   55  527.695007 220.019180 204.827469
 219          "v-A"   30  492.261902 1810.577759 2166.724854
 220        "p-e+m"   29  480.936371 329.278839 181.103806
 221        "p-e+p"   20  953.696167 606.691284 1047.588257
 222        "s-S+d"   20  619.372437 233.473068 302.173767
 223        "p-i+f"   10  475.603363 424.511047 287.624237
 224        "p-i+k"   60  475.603363 431.203583 752.297546
 225        "p-i+t"    8  475.603363 431.203583 503.239349
 226        "v-A+p"   10  668.182373 801.862915 850.198242
 227        "O-R+m"   10  253.433731 297.744568 126.172356
 228        "p-o+l"   10  225.755890 362.657043 170.106262
 229        "R-A+p"   58  340.443878 801.862915 850.198242
 230        "R-A+s"   10  340.443878 282.940735 250.874786
 231        "f-e+k"   39  953.696167 569.806519 422.236725
 232        "f-e+s"   57  953.696167 1095.404419 860.398804
 233        "i-R+A"   20  556.253967 297.744568 246.186981
 234        "i-R+a"   63  299.706329 256.807159 812.844177
 235        "i-R+e"   68  299.706329 302.872498 967.445618
 236        "i-R+i"   27  556.253967 138.924957 180.093277
 237        "i-R+o"   78  556.253967 369.350494 432.516724
 238        "f-i+l"   19  283.929840 424.511047 197.312576
 239        "s-e+S"   39  953.696167 1095.404419 464.680939
 240        "s-e+d"   20  953.696167 606.691284 227.961197
 241        "s-e+l"   27  953.696167 404.914673 168.064514
 242        "s-e+n"   20  953.696167 329.278839 168.064514
 243        "l-A+d"   10  668.182373 502.878235 283.900452
 244        "E-R+s"   10  253.433731 297.744568 303.782440
 245        "s-i+R"   56  315.850189 206.076248 279.270721
 246        "s-i+l"   49  315.850189 192.885315 197.312576
 247        "s-i+p"   16  315.850189 433.915955 840.465027
 248        "s-i+t"   36  315.850189 431.203583 503.239349
 249        "s-i+v"   10  315.850189 192.885315 287.624237
 250        "s-o+R"   18  360.579895 271.604309 151.070755
 251        "s-o+m"   20  360.579895 362.657043 259.676666
 252        "s-o+s"   10  360.579895 362.657043 145.536133
 253        "i-d+e"  136  466.976654 490.977966 609.154236
 254        "s-u+d"   29  107.099693 153.888382 182.209656
 255        "b-A+k"   29  400.359344 801.862915 850.198242
 256        "R-a+S"   38  569.411499 615.509155 695.399963
 257        "i-k+a"   60  286.329376 379.564728 429.756195
 258        "R-a+b"    9  569.411499 276.042664 250.838715
 259        "R-a+d"   10  569.411499 276.042664 117.634857
 260        "R-a+g"   10  569.411499 276.042664 191.221298
 261        "R-a+k"   20  569.411499 276.042664 1072.716919
 262        "R-a+m"   19  569.411499 352.144714 248.474655
 263        "i-k+o"   58  463.186432 482.463837 453.644470
 264        "R-a+p"   40  569.411499 276.042664 1287.703125
 265        "i-k+u"    9  463.186432 107.774513 110.769608
 266        "i-l+o"   20  311.391296 308.158447 194.855804
 267        "i-m+A"   29  166.472565 578.876404 352.236694
 268        "i-m+a"   10  166.472565 578.876404 403.400696
 269        "i-m+e"   39  166.472565 177.408218 440.442108
 270        "v-i+d"   10  283.929840 424.511047 840.465027
 271        "R-e+S"   39  609.501160 264.571625 464.680939
 272        "R-e+f"   10  609.501160 264.571625 376.574219
 273        "R-e+g"    8  609.501160 606.691284 227.961197
 274        "R-e+k"   10  609.501160 569.806519 422.236725
 275        "R-e+m"   10  609.501160 329.278839 181.103806
 276        "R-e+p"   60  609.501160 606.691284 1047.588257
 277        "R-e+s"   48  609.501160 264.571625 860.398804
 278        "R-e+t"   10  609.501160 569.806519 983.048584
 279        "R-e+v"   39  179.742249 404.914673 138.622879
 280        "i-p+a"   10  197.329697 308.138702 309.961426
 281        "i-p+e"   39  168.047607 882.193970 1076.141235
 282        "i-p+i"  185  791.578430 632.846985 765.247009
 283        "i-p+o"   37  197.329697 281.541443 254.570770
 284        "i-s+a"   10  470.515991 215.404480 146.659058
 285        "i-s+e"   30  470.515991 970.509155 987.889954
 286        "R-i+d"   10  209.986740 424.511047 840.465027
 287        "R-i+k"    8  209.986740 431.203583 752.297546
 288        "R-i+m"    9  209.986740 424.511047 197.312576
 289        "i-s+u"    9  470.515991 119.019585 146.133118
 290        "R-i+v"   10  209.986740 424.511047 287.624237
 291        "i-t+a"   18  139.745117 585.150452 693.358093
 292        "i-t+e"   19  139.745117 279.149872 334.422546
 293        "i-t+i"   82  568.363464 201.527817 218.748428
 294        "i-v+e"   39  146.815643 220.019180 204.827469
 295        "l-a+m"   29  196.879791 352.144714 248.474655
 296        "l-a+p"   10  196.879791 391.441498 1287.703125
 297        "l-a+s"    9  196.879791 615.509155 695.399963
 298        "R-m+a"   20  248.315094 578.876404 403.400696
 299        "R-m+i"   20  248.315094 226.283051 354.004547
 300        "b-S+d"   49  619.372437 368.105804 179.616486
 301        "R-o+b"   40  254.662247 130.296555 155.715195
 302        "R-o+m"   37  254.662247 135.972534 259.676666
 303        "R-o+s"   18  254.662247 135.972534 145.536133
 304        "R-o+t"   60  422.300720 206.520950 529.827148
 305        "R-p+o"    9  255.213654 281.541443 254.570770
 306        "l-e+S"    9  312.001007 1095.404419 464.680939
 307        "l-e+g"   10  312.001007 606.691284 227.961197
 308        "l-e+l"    8  312.001007 404.914673 168.064514
 309        "l-e+s"   39  312.001007 1095.404419 860.398804
 310        "l-e+t"   10  312.001007 569.806519 983.048584
 311        "l-i+k"    9  283.929840 431.203583 752.297546
 312        "l-i+s"   10  283.929840 167.719406 287.624237
 313        "R-u+p"   28  119.070992 153.888382 348.716949
 314        "R-u+s"   29  250.554214 109.574516 138.904831
 315        "b-a+R"   20  499.757080 823.846985 410.824768
 316        "b-a+b"   10  499.757080 226.746384 250.838715
 317        "b-a+d"    9  499.757080 429.273590 117.634857
 318        "b-a+f"   30  499.757080 615.509155 695.399963
 319        "b-a+l"   10  499.757080 615.509155 191.221298
 320        "b-a+t"   38  499.757080 429.273590 1072.716919
 321        "e-R+S"   10  556.253967 297.744568 141.716278
 322        "o-b+e"   28  111.750397 381.273102 271.544128
 323        "o-b+o"   30  114.334190 381.273102 271.544128
 324        "e-S+A"   99  1122.476929 302.974762 394.357330
 325        "e-S+a"   19  1122.476929 209.453217 192.388596
 326        "b-i+d"    9   99.926132 424.511047 840.465027
 327        "b-i+s"   10   99.926132 167.719406 287.624237
 328        "o-d+o"   20  466.976654 195.505859 172.610519
 329        "o-k+a"   40  195.038376 379.564728 429.756195
 330        "o-m+A"   27  310.312683 389.299622 352.236694
 331        "o-m+a"   60  310.312683 389.299622 403.400696
 332        "o-m+e"   39  310.312683 220.767883 163.231125
 333        "o-m+i"    9  310.312683 226.283051 354.004547
 334        "o-p+e"   60  196.980896 882.193970 1076.141235
 335        "e-b+a"    9  111.750397 190.048767 343.773987
 336        "o-s+A"   10  1614.070435 700.782349 649.585266
 337        "o-t+a"   77  463.603149 585.150452 693.358093
 338        "o-t+e"   19  463.603149 279.149872 334.422546
 339        "o-t+o"   18  463.603149 282.515381 152.804932
 340        "e-f+O"   20  982.583252 204.780869 164.948746
 341        "e-f+o"   29  259.068390 204.780869 164.948746
 342        "e-g+e"   18  134.706741 156.664703 396.929535
 343        "e-k+S"   10  463.186432 247.246170 308.522308
 344        "e-l+A"    9  311.391296 308.158447 151.484787
 345        "e-m+A"   59  248.315094 578.876404 352.236694
 346        "e-m+o"   10  248.315094 578.876404 163.231125
 347        "e-p+o"   30  287.060333 281.541443 254.570770
 348        "e-s+A"  116  1830.860107 700.782349 649.585266
 349        "e-s+E"   10  1830.860107 215.404480 146.133118
 350        "e-s+a"    8  1830.860107 215.404480 146.659058
 351        "e-s+e"   29  1830.860107 970.509155 987.889954
 352        "e-s+i"   47  571.989868 882.190125 649.947693
 353        "e-s+o"   27  1830.860107 380.219940 319.094849
 354        "e-t+A"   19  463.603149 282.515381 168.516129
 355        "e-t+R"   40  369.359436 209.340439 134.215271
 356        "A-p+e"   68  309.470612 882.193970 1076.141235
 357        "A-t+A"   29  484.400024 282.515381 168.516129
 358        "A-t+a"   29  484.400024 585.150452 693.358093
 359        "A-t+e"   30  484.400024 279.149872 334.422546
 360        "k-S+p"   40  619.372437 368.105804 302.173767
 361        "k-a+R"   10  292.620148 823.846985 410.824768
 362        "k-a+b"   10  292.620148 226.746384 250.838715
 363        "k-a+d"   10  292.620148 429.273590 117.634857
 364        "k-a+m"   10  292.620148 352.144714 248.474655
 365        "k-a+p"   20  292.620148 391.441498 1287.703125
 366        "k-a+s"    9  292.620148 615.509155 695.399963
 367        "k-a+t"   10  292.620148 429.273590 1072.716919
 368        "a-R+a"   40  221.315872 256.807159 812.844177
 369        "a-R+d"   19  253.433731 297.744568 267.358948
 370        "a-R+e"   30  221.315872 302.872498 967.445618
 371        "a-R+o"   40  221.315872 369.350494 432.516724
